BOT_TOKEN=your_actual_bot_token_here
ADMIN_ID=5748140684
MAIN_STORE_LAT=41.311081
MAIN_STORE_LON=69.240562
BRANCH_STORE_LAT=41.338133
BRANCH_STORE_LON=69.332839